          53
         169
         113
          41
         122
          66
         159
         146
          61
         206
          37
         190
          49
          64
         206
         249
         107
         217
          14
          82
         205
         226
           6
          49
         111
         235
          71
         171
           9
         239
         160
          98
         200
          69
         236
          83
          58
         185
         123
          17
         174
         103
         101
         187
          78
         205
         237
         176
          74
         218
          83
         184
          84
         221
         171
         244
          92
         149
         106
         155
         101
          22
          38
         197
         221
         111
         246
         116
         103
          49
         221
         225
         180
         162
          49
          41
          14
         140
          32
         246
          81
         199
          72
         185
         120
         217
          67
         140
          22
         172
         173
          73
         146
         230
         106
         194
          46
         101
          13
         232
         163
         112
         103
         228
          33
         117
         135
         163
         214
         219
          85
          46
          65
         186
         225
         207
         123
         252
         232
         172
          65
         128
          50
         235
          98
         163
         141
         132
         157
         166
         165
          10
         227
         105
         163
           7
         131
         117
         179
         130
         165
          62
          34
         187
         191
         234
          70
         248
          51
          46
